


10
100
110
120
130
140
14012
1401210
1401220
140122011
14012201110
14012201120
1401220112012
140122011201210
1401220112012100
140122011201210011
14012201120121001110
14012201120121001120
1401220112012100112012
14012201120121001130
14012201120121001140
1401220112012100114012
140122011201210012
14012201120121001210
14012201120121001220
1401220112012100122011
14012201120121001230
1401220112012100123011
1401220112012100123012
140122011201210012301210
140122011201210012301220(1)
140122011201210012301220
14012201120121001230122011
1401220112012100123012201110
1401220112012100123012201112
1401220112012100123012201120
140122011201210012301220112011
14012201120121001230122011201110
14012201120121001230122011201112
14012201120121001230122011201120
1401220112012100123012201120112012
14012201120121001230122011201130
14012201120121001230122011201140
1401220112012100123012201120114012
140122011201210012301220112012
140122011201210012301230
1401220112012110
140122011201220
140122011201230
140122011201240
140122011201250
140122011201260
14012201120126011
140122011201270
140122011201280
14012201120128011
140122011201290
150
160
16011
170
180
190
19011
1901110
1901120
1901130
19012
1901210
1901220
1901230
1901240
1901250
190125012
19012501210
1901250121011
19012501211
1901260
1901270
20
200
2011
201110
2011100
2011110
201111012
20111101210
20111101220
20111101230
2011110123012
20111101240
20111101250
2011120
2011130
201113011
2011140
2011150
201115011
20111501110
201115011100
201115011110
20111501111011
2011150111101110
201115011110111011
20111501112
201115011120
2011150111210
201115011121012
201115011130
20111501113012
201115011140
20111501114011
201115011150
20111501115011
20111501115012
201115011160
201115011170
20111501117012
2011150111701210
2011150111701211
201115011170121110
201115011170121120
201115011170121130
20111501117012113011
2011150111701211301110
201115011170121130111012
2011150111701211301120
2011150111701211301130
20111501117012113012
2011150111701220
20111501120
2011150112011
201115011201110
201115011201120
20111501120112011
201115011201130
20111501120113011
2011150112011301110
201115011201130111011
201115011201130111021
201115011201140
20111501130
2011150113012
20111501150
20111501160
20111501170
20111501180
20111501190
2011150119011
201115011901110
201115011901120
2011150119012
201115012
20111501211
2011150121110
201115012111012
2011150121120
2011150121130
2011150121140
201115012114012
2011150121150
2011150121160
201115012116011
2011150121170
201115012117011
2011150121180
201115012118011
20111501211801110
201115012118012
20111501211801210
201115022
20111502210
2011150221011
201115022101112
20111502210111210
20111502210111220
2011150221011122011
201115022101112201110
2011150221011122011100
201115022101112201110011
20111502210111220111011
20111502210111220111012
2011150221011122011110
201115022101112201111011
201115022101112201111012
20111502210111220111101210
2011150221011122011110121011
2011150221011122011110121012
20111502210111220111101220
2011150221011122011110122011
20111502210111220111101230
20111502210111220111101240
201115022101112201120
20111502210111220112011
201115022101112201130
20111502210111220113011
201115022101112201140
20111502210111220114011
20111502210111220114012
201115022101112201150
20111502210111220115011
201115022101112201160
20111502210111220116011
201115022101112201170
20111502210111220117011
20111502210111220117012
201115022101112201180
20111502210111220118011
201115022101112201190
20111502210111220119011
2011150221011122021
2011150221012
201115022101211
20111502210121112
2011150221012111210
2011150221012111220
201115022101211122012
20111502210121112201210
2011150221012111220121011
201115022101211122012101110
201115022101211122012101112
201115022101211122012101120
20111502210121112201210112011
201115022101211122012101130
20111502210121112201210113012
201115022101211122012101140
20111502210121112201210114011
201115022101211122012101150
20111502210121112201210115011
2011150221012111220121011501110
201115022101211122012101150111011
2011150221012111220121011501112
2011150221012111220121011501120
201115022101211122012101150112012
2011150221012111220121011501130
201115022101211122012101150113012
2011150221012111220121011501140
201115022101211122012101150114012
2011150221012111220121011501150
201115022101211122012101150115012
2011150221012111220121011501160
201115022101211122012101150116012
2011150221012111220121011501170
201115022101211122012101150117012
2011150221012111220121011501180
201115022101211122012101150118011
201115022101211122012101150118012
2011150221012111220121011501190
20111502210121112201210115012
2011150221012111220121012
201115022101221
20111502210122110
201115022101221100
2011150221012211011
2011150221012211012
201115022101221110
20111502210122111012
201115022101221120
201115022101221130
20111502210122113011
20111502210122113012
2011150221012211301210
201115022101221130121012
2011150221012211301220
201115022101221130122012
2011150221012211301230
201115022101221130123011
2011150221012211301240
2011150221012211301250
201115022101221130125011
2011150221012211301260
20111502210122120
20111502210122130
2011150221012213011
201115022101221301110
20111502210122130111012
201115022101221301120
20111502210122140
2011150221012214012
201115022101221401210
20111502210122140121011
201115022101221401211
201115022101221401220
201115022101221401230
20111502210122140123011
201115022101221401240
20111502210122140124011
20111502210122150
20111502210122160
2011150221012216011
20111502210122170
20111502210122180
20111502210122190
2011150221012219011
2011150221021
201115022102110
201115022102120
201115022102130
201115022102140
20111502210214011
201115022102150
201115022102160
20111502210216011
20111502210216012
2011150221021601210
2011150221021601220
201115022102160122011
2011150221021601230
201115022102160123012
2011150221021601240
2011150221021601250
201115022102160125011
201115022102160125012
20111502210216012501210
2011150221021601250121012
20111502210216012501220
2011150221021601250122011
20111502210216012501230
2011150221021601250123011
20111502210216012501240
2011150221022
201115022102210
2011150221022100
201115022102210012
20111502210221012
2011150221022110
201115022102220
201115022102230
201115022102240
20111502210224011
20111502210224012
201115022102250
201115022102260
20111502210226011
2011150221022601110
201115022102260111012
2011150221022601120
20111502210226012
2011150221022601210
201115022102270
201115022102280
20111502210228012
201115022102290
201120
201130
201140
201150
201160
201170
201180
201190
20119011
2011901110
2011901120
2011901130
2011901140
201190114012
20119012
2012
201210
201220
201230
201240
201250
201260
20126012
2012601210
201260121012
210
220
230
240
30
40
50
60
70
7011
701110
701120
70112012
701130
70113012
701140
70114012
701150
70115012
80
90
name
nameeing
